0
0
0
0
0
755
1014
1062
1130
1284
1170
1035
1082
1100
1148
1154
1254
1276
1351
1386
1558
1493
1545
1650
1662
1729
1706
1734
1843
2057
2111
2182
2311
2461
2702
2826
3012
3163
3344
3667
3899
4006
4397
4620
4717
5027
5138
5504
5637
5924
6077
6390
6437
6757
6847
6719
6710
6744
6613
6643
6719
6536
6648
6611
6395
6562
6530
6597
6339
6352
6286
6224
6027
6068
6052
6044
5971
6064
5892
5654
5979
5614
5663
5491
5545
5443
5307
5367
5353
5205
5207
5069
5041
4890
4948
4749
4739
4767
4666
4512
4484
4492
4265
4338
4233
4185
4111
4146
4116
3906
4037
3892
3878
3937
3725
3799
3676
3813
3763
3756
3714
3652
3802
3663
3675
3541
3577
3515
3407
3386
3320
3465
3277
3196
3258
3192
3139
3120
2989
3002
2966
2938
2919
2750
2881
2863
2763
2739
2740
2801
2797
2793
2786
2819
2796
2844
2681
2662
2745
2671
2685
2623
2517
2391
2393
2270
2320
2084
2208
2088
1961
1878
1953
2054
1882
1885
1848
1834
1857
1874
1848
1772
1787
1749
1769
1765
1742
1687
1743
1698
1719
1766
1786
1670
1696
1600
1644
1649
1550
1545
1544
1581
1451
1497
1378
1506
1443
1477
1389
1367
1342
1327
1392
1376
1323
1334
1373
1378
1304
1397
1396
1447
1415
1420
1356
1351
1314
1308
1376
1382
1331
1221
1265
1236
1218
1212
1139
1193
1152
1132
1056
1066
1083
1016
1032
1033
980
1008
934
944
998
989
964
978
976
906
950
921
953
929
894
875
936
974
917
917
933
945
957
894
889
895
876
923
882
857
873
877
871
897
842
833
822
825
817
936
849
854
867
885
894
843
882
833
838
791
834
821
804
797
811
753
775
770
766
780
842
786
777
758
766
735
746
659
752
742
760
726
708
725
723
716
743
770
729
698
712
739
786
808
752
716
735
726
697
706
689
719
701
667
724
652
614
702
625
683
615
642
633
578
609
638
626
595
589
577
625
610
583
626
573
639
667
630
621
640
670
677
670
636
638
672
707
674
671
682
727
742
715
652
706
711
717
696
721
695
655
688
688
690
689
728
705
717
678
722
727
733
741
712
753
724
817
856
906
945
885
969
1023
1027
1082
1234
1262
1321
1469
1536
1512
1684
1744
1807
1944
1878
2015
2034
1921
2118
2130
2099
2075
2058
2082
1974
1910
1945
1802
1712
1628
1543
1445
1308
1161
1093
991
939
881
757
705
595
530
490
468
390
326
311
311
267
225
226
208
229
249
190
192
202
181
180
184
186
194
178
199
206
187
176
187
183
164
151
163
186
167
191
160
170
157
174
167
184
183
149
162
151
163
181
182
190
166
172
152
150
141
196
169
142
134
151
152
184
151
159
147
149
157
124
129
139
146
150
145
153
119
143
130
123
166
116
131
136
158
131
129
128
127
147
140
136
162
121
146
116
141
134
132
129
143
135
153
147
146
124
129
129
146
132
136
129
147
143
146
148
149
146
148
125
150
155
124
140
152
173
140
179
174
157
166
181
162
185
173
171
181
184
165
160
155
148
163
163
168
156
168
186
173
153
165
179
136
165
169
154
167
149
149
134
143
161
132
144
156
154
143
140
122
135
129
138
132
151
130
143
120
142
114
132
133
132
132
125
123
118
112
125
120
107
108
101
109
78
110
106
91
100
91
88
96
86
76
78
60
63
83
59
72
93
82
74
80
75
92
62
71
74
77
80
75
79
75
78
66
78
71
60
65
71
72
86
80
72
85
84
70
92
74
84
61
72
80
72
73
63
87
72
72
59
67
73
76
77
88
76
101
99
76
75
89
88
73
98
96
100
72
109
79
96
83
78
83
71
79
102
74
89
80
88
79
82
87
90
70
82
80
67
70
87
80
72
63
61
67
64
69
49
62
59
66
72
82
62
77
79
69
49
61
53
61
43
43
60
62
63
58
65
45
56
85
76
60
60
65
55
51
50
64
53
60
82
61
65
62
60
69
67
62
65
59
68
83
73
63
72
66
69
74
87
85
64
67
71
67
69
78
73
95
67
71
84
76
78
70
81
67
61
71
60
66
67
66
63
66
52
54
53
55
45
55
59
54
59
70
66
41
66
45
36
42
43
40
47
36
32
52
49
38
40
41
34
50
44
53
36
41
53
31
37
44
45
40
45
41
41
43
43
41
50
52
48
47
51
50
48
47
33
53
52
44
48
55
35
49
58
55
46
55
62
42
45
62
54
65
56
61
61
75
66
63
60
62
83
90
62
55
77
78
70
72
73
74
82
78
81
90
84
80
104
92
91
96
90
90
104
102
70
96
96
89
84
94
69
98
77
90
83
81
75
78
78
70
72
78
63
80
61
56
72
61
62
60
54
55
51
47
51
52
55
40
44
38
44
47
43
31
42
38
35
37
29
38
29
37
35
41
43
36
30
36
24
28
28
25
40
33
35
34
37
36
27
43
35
34
36
40
23
27
45
41
28
25
28
33
40
28
31
29
35
39
28
39
36
28
36
45
45
32
36
39
45
44
35
28
21
25
29
28
31
