0
0
0
0
0
214
285
287
301
346
350
394
387
368
371
424
398
386
432
392
393
435
455
417
457
510
489
475
493
510
544
534
617
586
598
637
683
715
708
826
866
876
908
930
913
973
1043
1086
1134
1110
1135
1203
1209
1271
1284
1327
1307
1231
1193
1268
1219
1195
1176
1215
1204
1174
1141
1226
1154
1177
1178
1085
1194
1157
1150
1052
1102
1122
1071
1046
1129
1083
1106
1082
1057
1090
1010
1055
989
1043
1064
1015
1013
981
976
921
904
976
946
858
863
862
939
887
892
878
876
850
834
946
841
839
795
797
755
780
742
758
745
789
736
772
760
780
724
722
697
767
732
745
722
763
713
661
743
705
685
660
694
712
765
732
706
728
721
681
694
711
682
753
686
724
760
732
758
698
701
663
751
753
677
650
667
637
676
647
654
621
671
568
613
569
563
590
518
561
524
578
550
611
536
568
557
528
520
554
542
564
504
521
509
523
534
528
490
513
473
517
489
494
461
482
486
485
488
497
451
468
464
465
477
473
468
455
448
441
460
447
417
457
438
451
476
431
428
435
483
447
385
455
433
401
425
420
434
420
399
427
395
412
375
385
333
390
363
360
429
343
413
379
399
374
383
363
388
324
351
359
344
372
347
388
354
321
379
351
300
333
356
397
332
390
358
373
349
307
343
320
367
339
319
327
346
324
313
338
326
300
334
322
337
332
329
338
300
360
304
347
312
327
302
296
290
319
312
346
282
298
337
327
279
311
321
322
319
307
300
336
351
314
308
309
307
340
325
351
292
305
311
334
306
350
286
330
345
328
335
306
318
289
317
305
331
299
310
314
328
312
269
305
326
292
297
333
271
308
282
304
293
315
328
316
311
319
315
307
322
331
295
348
317
324
307
308
315
315
289
313
310
326
321
300
289
313
293
339
314
316
340
305
290
286
322
311
332
309
332
281
290
332
271
273
292
299
278
261
308
276
295
276
269
295
324
321
274
260
290
298
269
265
282
277
293
268
275
278
265
310
311
277
280
279
285
277
302
288
271
269
299
283
287
277
277
296
251
303
308
269
258
274
284
313
302
301
301
284
271
276
303
298
312
283
272
300
302
285
239
294
301
294
275
279
267
307
315
309
280
302
286
308
328
330
316
278
289
301
293
295
335
298
289
255
308
288
282
292
310
284
312
293
329
321
329
310
333
304
312
313
297
298
305
284
295
325
319
333
290
339
330
326
327
309
293
322
342
343
339
327
335
339
314
320
335
301
340
364
344
329
332
332
371
328
353
309
357
330
308
327
305
348
373
312
351
347
325
301
309
364
332
335
286
336
361
317
301
317
357
319
348
308
321
321
299
322
310
331
365
304
292
308
316
329
293
310
338
299
297
301
319
288
293
296
288
270
294
287
291
282
266
260
296
289
263
248
267
241
271
243
258
249
239
263
260
251
237
238
234
259
252
243
247
236
248
231
252
246
240
250
202
238
230
243
242
226
207
209
228
208
221
230
215
234
217
212
214
219
200
242
218
206
211
201
188
215
193
213
208
191
199
210
212
193
191
178
164
201
181
203
179
198
196
172
180
201
169
185
190
172
191
172
189
184
176
180
171
181
196
167
182
195
179
179
192
180
179
197
179
205
204
205
184
211
232
227
257
255
258
260
271
305
319
322
324
342
374
417
408
412
471
485
536
508
545
572
622
620
660
678
706
738
693
782
807
834
885
886
880
939
895
951
939
967
923
935
953
918
978
922
949
908
936
847
811
821
800
790
787
718
753
653
700
620
583
532
496
448
469
410
378
368
279
298
294
261
245
217
205
189
180
176
157
136
136
137
105
109
110
109
104
83
126
111
120
103
120
108
119
114
113
130
156
158
162
177
162
181
181
208
206
244
246
255
291
290
341
323
351
333
368
428
402
463
463
490
494
560
524
623
645
655
625
648
685
646
708
759
707
662
730
763
793
738
738
774
835
780
769
778
674
717
736
697
678
633
629
646
611
623
581
543
519
456
469
447
410
369
395
389
318
292
286
276
275
221
181
171
169
174
156
116
100
123
104
79
78
73
64
53
47
55
51
40
35
49
32
40
36
25
31
24
33
24
24
13
29
26
23
30
21
28
40
27
28
31
24
30
20
25
33
23
27
27
33
19
26
29
23
29
29
30
24
19
28
24
27
22
26
26
26
24
28
32
29
13
27
24
19
18
21
22
20
19
16
21
21
24
20
9
19
26
11
19
19
10
16
13
18
16
18
10
15
15
23
16
9
12
20
10
9
14
21
20
18
14
11
16
16
14
11
17
13
17
22
13
10
17
17
19
23
16
17
13
16
12
15
14
17
13
20
21
15
16
21
22
13
17
11
18
16
18
16
21
26
15
