0
0
0
0
0
1025
1800
1938
2008
2144
2169
2224
2212
2276
2303
2326
2361
2463
2495
2506
2635
2641
2694
2587
2653
2717
2694
2831
2805
2757
2806
2930
2863
2929
2984
3066
3119
3167
3263
3384
3279
3419
3467
3453
3568
3623
3767
3812
3855
3863
3998
4071
4125
4307
4323
4326
4202
4443
4286
4325
4314
4392
4386
4294
4303
4452
4368
4510
4362
4435
4446
4385
4455
4606
4509
4493
4537
4542
4701
4682
4699
4587
4717
4689
4662
4714
4883
4804
4796
4781
4838
4769
4840
4759
4832
4885
4808
4568
4794
4835
4873
4771
4831
4772
4811
4896
4826
4899
5099
5165
5338
5378
5491
5630
5841
5858
6120
6301
6158
6269
6259
6342
6289
6134
6107
5881
5970
5729
5796
5528
5440
5361
5313
5296
5078
5211
5070
5188
5184
5186
5171
5241
5078
5201
5230
5178
5353
5220
5282
5454
5330
5344
5507
5453
5420
5638
5659
5437
5477
5496
5529
5461
5350
5478
5433
5438
5344
5395
5330
5070
5005
4973
4999
4909
4983
4850
4855
4745
4661
4572
4554
4551
4389
4371
4433
4272
4238
4350
4272
4231
4182
4237
4039
4239
4119
4181
4182
4152
4060
4020
4110
4069
4180
4004
3922
3987
4053
3931
4003
3786
3729
3762
3555
3630
3416
3349
3351
3172
3092
3007
2732
2795
2648
2693
2545
2407
2348
2263
2257
2309
2133
2078
2068
2020
1963
1951
1961
1921
1800
1832
1768
1698
1754
1690
1609
1685
1621
1572
1654
1511
1580
1481
1475
1491
1416
1399
1391
1346
1298
1320
1245
1279
1264
1323
1236
1227
1248
1170
1215
1204
1243
1144
1147
1141
1230
1087
1113
1140
1125
1131
1169
1124
1058
1121
1065
1047
1057
1077
1131
1026
1131
1149
1065
1082
1158
1103
1082
1143
1142
1202
1227
1322
1340
1518
1595
1722
1962
2294
2523
2785
3257
3835
4485
5137
5927
6696
7771
8787
10039
11306
12728
14060
15402
17235
18661
20078
21853
23376
24652
25828
27043
27961
29097
29393
29611
30058
29732
29406
28645
27184
26676
25050
23748
21871
20027
18057
16435
14761
13152
11566
9933
8431
7409
5938
5090
4328
3661
2982
2472
2112
1807
1485
1303
1125
1000
932
895
766
750
772
709
736
740
701
696
720
676
662
740
660
729
680
721
710
625
664
697
646
690
668
616
685
680
657
688
676
642
705
651
649
687
682
640
669
628
684
664
664
653
616
664
680
663
618
575
607
663
577
625
612
649
633
656
629
632
641
669
646
626
635
625
600
675
611
627
599
587
609
651
592
614
651
633
619
644
616
627
634
629
615
596
630
640
590
635
624
655
663
622
603
650
630
616
611
647
667
639
649
632
620
646
604
646
608
619
627
640
620
603
652
631
643
639
612
610
602
639
637
636
656
634
628
655
653
667
627
637
630
631
673
623
623
706
676
678
636
675
707
675
680
710
653
715
662
610
663
653
681
655
657
631
634
665
669
628
648
657
688
663
626
666
661
660
654
708
648
640
678
636
686
623
628
639
644
673
649
654
656
639
638
654
711
636
642
670
711
671
690
642
664
698
657
677
658
694
674
686
687
713
701
744
720
704
701
698
724
726
685
704
741
681
743
696
726
678
735
710
762
741
729
712
680
739
777
790
731
714
703
667
777
770
760
765
747
776
809
730
784
799
780
732
791
738
761
771
804
790
796
769
779
810
774
769
767
774
799
804
797
807
802
794
801
816
840
772
767
788
788
792
783
789
809
782
775
755
840
765
792
746
716
730
761
763
718
715
682
631
657
682
669
670
635
612
588
577
632
592
570
548
485
496
465
477
440
496
420
434
429
373
353
352
353
350
354
339
334
267
315
295
277
277
255
278
256
270
235
273
259
239
225
222
186
182
170
206
196
190
172
193
195
195
175
161
190
153
149
160
147
161
134
133
124
131
109
124
115
117
106
106
119
121
123
119
107
112
102
105
83
120
85
94
91
106
105
96
93
93
102
123
111
95
116
102
121
113
123
136
163
165
166
175
181
212
259
244
251
294
315
342
345
428
428
490
546
598
649
663
778
799
867
989
1061
1191
1301
1324
1528
1606
1718
1810
1960
2082
2238
2370
2452
2668
2865
2959
3124
3436
3440
3587
3684
3746
3915
4070
4190
4324
4374
4443
4410
4472
4633
4627
4496
4561
4478
4361
4421
4371
4325
3956
4012
3991
3743
3704
3511
3342
3216
2996
2826
2797
2635
2408
2346
2071
1898
1770
1582
1492
1381
1254
1167
1050
969
850
780
712
593
577
535
446
400
353
327
266
238
227
188
167
142
146
134
105
90
88
73
76
56
76
65
72
54
50
52
55
48
56
53
52
38
45
46
45
38
48
42
37
42
46
47
59
55
35
51
61
48
40
34
50
57
49
48
44
45
50
42
52
48
45
45
54
48
41
54
52
41
56
39
37
53
49
66
34
43
47
67
50
46
51
43
45
49
35
41
43
47
51
53
50
48
53
47
47
38
45
42
48
58
45
45
45
29
46
39
55
39
35
42
36
37
36
40
40
43
34
35
38
45
37
43
28
28
33
31
29
41
32
31
29
31
28
42
34
40
29
41
30
30
23
28
22
27
36
30
34
27
24
22
35
23
31
32
22
35
22
28
27
13
25
25
28
34
33
26
33
26
23
22
21
24
26
24
13
17
