0
0
0
0
0
1000
1367
1247
1283
1408
1271
1213
1243
1294
1371
1381
1437
1485
1668
1780
2128
3044
4818
6257
5724
4170
3320
2825
2560
2320
2329
2381
2555
2604
2679
2899
3098
3233
3453
3559
4011
4197
4425
4572
4785
5205
5238
5459
5503
5737
6034
6251
6560
6718
6736
6838
6684
6664
6421
6478
6583
6597
6601
6457
6288
6416
6385
6426
6205
6260
6190
6226
5982
5902
5957
5723
5957
5935
5818
5679
5522
5681
5580
5552
5531
5436
5373
5370
5309
5320
5181
5156
5062
5034
4989
5002
4860
4694
4628
4698
4671
4482
4387
4426
4407
4332
4323
4062
4184
4078
4146
3998
4055
4025
3938
4051
3948
3932
3815
3801
3887
3984
3856
3849
3807
3930
3882
3935
3780
3832
3670
3609
3693
3675
3493
3423
3470
3415
3364
3175
3258
3198
3262
3162
3045
3066
2997
2984
3042
3063
2944
2970
3011
3082
3065
2991
3021
2957
3007
2841
2898
2771
2753
2763
2649
2616
2530
2425
2460
2364
2326
2392
2191
2257
2277
2319
2230
2222
2164
2145
2164
2181
2132
2187
2155
2100
2044
2062
2103
2094
2096
2164
2104
2031
2088
2045
1985
1997
1999
1910
1943
1894
1926
1864
1814
1747
1758
1745
1760
1748
1626
1747
1639
1700
1710
1685
1626
1617
1629
1710
1672
1642
1703
1652
1720
1739
1670
1657
1655
1592
1633
1641
1509
1557
1502
1453
1473
1398
1392
1371
1400
1345
1355
1294
1279
1242
1271
1202
1266
1258
1220
1135
1251
1229
1164
1265
1201
1179
1158
1183
1159
1185
1157
1212
1179
1190
1184
1141
1207
1125
1151
1152
1155
1181
1184
1157
1128
1138
1132
1215
1079
1112
1092
1130
1113
1155
1108
1076
1083
1068
1037
1059
1099
1046
1015
1010
957
975
1000
943
924
873
923
883
842
791
822
800
755
764
701
698
707
652
644
636
644
650
639
629
622
629
609
559
613
604
599
540
578
552
574
566
548
551
565
480
543
513
501
502
534
507
504
492
473
483
430
447
442
429
418
392
398
433
409
428
427
425
419
420
401
424
443
439
469
450
447
463
491
487
471
523
469
518
497
500
479
476
510
556
550
539
540
545
531
546
551
516
555
514
554
570
563
634
631
589
648
699
724
755
911
902
992
1095
1185
1315
1439
1654
1760
2148
2241
2361
2570
2914
3193
3509
3679
3939
4350
4393
4712
5060
5127
5489
5643
5820
5825
5922
6155
6127
6088
5997
5689
5601
5510
5353
5080
4804
4514
4204
3872
3623
3284
2865
2622
2477
2111
1828
1564
1393
1185
1015
893
814
678
561
511
444
419
329
289
279
239
224
211
191
196
193
190
182
181
177
181
161
183
166
150
196
190
161
172
174
180
166
158
164
170
172
164
187
173
157
170
181
166
159
165
170
178
177
146
157
155
159
179
173
169
165
140
148
162
145
151
142
164
153
141
146
136
130
137
153
115
107
138
132
138
136
129
118
124
125
148
139
125
137
139
127
124
123
120
126
115
129
114
125
156
149
151
136
138
140
118
122
134
145
138
166
125
143
159
128
140
142
160
160
151
135
165
161
168
175
164
158
136
167
137
178
164
159
182
182
172
169
153
176
188
183
154
175
178
165
159
173
154
144
173
145
147
167
157
142
149
125
121
162
169
134
145
175
142
128
139
130
136
134
161
136
123
159
124
98
109
130
112
143
134
137
129
126
111
119
119
120
104
105
94
82
101
84
80
96
86
85
89
83
88
81
94
77
90
64
101
74
78
70
62
77
61
60
76
66
69
76
69
71
72
81
64
71
79
76
74
64
66
71
81
64
56
83
73
73
65
84
91
71
77
67
82
77
76
86
77
73
75
100
72
82
82
74
83
84
79
62
90
85
85
91
77
102
98
94
96
89
92
84
107
86
89
102
78
88
78
98
88
90
86
59
79
67
84
84
81
62
57
90
71
85
67
74
58
65
63
68
56
44
57
50
55
72
49
54
53
54
49
54
70
61
64
67
56
58
63
53
63
54
62
62
66
51
51
66
51
59
56
56
58
70
66
58
54
57
55
59
59
56
55
43
70
71
53
67
66
50
70
49
47
69
60
59
55
52
53
54
40
59
41
31
70
54
50
60
45
52
50
50
51
47
46
49
42
41
38
48
56
52
42
38
43
39
40
39
38
42
51
41
44
43
50
40
43
49
37
41
43
37
32
42
51
63
37
44
39
36
48
46
38
48
48
49
47
37
47
42
44
41
45
52
44
43
58
37
38
45
51
46
40
49
51
65
53
51
48
48
62
52
66
55
68
55
64
55
79
62
43
76
57
54
73
57
56
58
74
66
66
66
79
76
82
93
84
99
68
93
82
79
84
102
89
99
84
75
86
95
106
83
92
82
102
91
84
80
78
84
88
91
77
89
90
69
65
74
79
70
60
72
58
69
49
61
55
60
61
52
53
44
54
51
52
49
49
51
40
33
46
37
42
33
38
45
35
41
37
37
36
30
40
26
40
35
44
29
42
29
31
38
31
40
32
34
27
37
40
34
26
27
20
40
38
46
32
28
21
38
30
28
35
37
22
27
40
39
42
34
30
33
27
32
32
36
33
39
34
36
