0
0
0
0
0
865
1231
1305
1315
1443
1420
1416
1431
1441
1500
1469
1627
1555
1601
1631
1619
1711
1646
1703
1815
1824
1832
1861
1871
1967
1911
1946
2010
2108
2149
2167
2298
2388
2438
2539
2680
2841
2899
2989
3070
3177
3252
3280
3374
3550
3730
3772
3848
4017
3989
4202
4154
4171
4147
4266
4302
4270
4501
4465
4407
4442
4489
4474
4587
4612
4740
4726
4742
4781
4970
5083
5046
5007
5037
4969
4980
4818
4897
4807
4761
4760
4830
4886
4613
4749
4531
4538
4560
4621
4536
4453
4479
4408
4383
4403
4412
4422
4289
4424
4444
4206
4330
4483
4459
4650
4678
4739
4798
4845
4887
4900
4839
5062
4927
4802
4813
4690
4727
4567
4530
4434
4347
4266
4256
4288
4108
4136
3935
3967
3921
3896
3869
3841
3787
3822
3865
3800
3693
3751
3800
3671
3654
3624
3621
3667
3620
3508
3578
3506
3557
3473
3495
3386
3365
3349
3355
3336
3214
3217
3272
3241
3213
3119
3179
2995
3032
3047
2962
2892
2946
2798
2835
2795
2773
2765
2794
2695
2626
2649
2635
2621
2633
2623
2691
2689
2583
2486
2595
2516
2566
2583
2666
2561
2545
2464
2419
2390
2391
2421
2423
2517
2468
2392
2460
2359
2370
2335
2310
2280
2295
2223
2258
2202
2167
2162
2098
2070
2138
2115
2047
2073
2038
1987
2070
2113
2090
2029
2044
2078
2055
1940
2049
2018
1995
1917
1983
2017
2126
2022
2034
2093
2098
2021
1994
2007
2120
2085
2032
2073
2020
2140
2135
2061
2112
2108
2152
2249
2056
2113
2046
2166
2121
2053
2139
2172
2304
2069
2160
2209
2065
2227
2248
2219
2242
2252
2152
2254
2193
2209
2239
2267
2210
2247
2281
2212
2240
2236
2159
2223
2329
2202
2180
2227
2110
2165
2366
2260
2350
2214
2312
2351
2434
2541
2650
2705
2895
2887
3040
3240
3421
3680
3985
4240
4638
4906
5300
5704
5987
6365
6693
7096
7707
7943
8311
8656
8946
9058
9452
9382
9394
9183
9233
8893
8578
8481
7816
7405
6985
6465
5937
5600
4905
4328
4019
3428
2938
2527
2268
1964
1706
1412
1223
1180
1001
851
758
747
646
585
626
546
568
561
568
562
567
534
559
478
526
522
524
540
514
537
544
518
558
540
538
542
487
525
548
544
505
534
528
545
559
523
510
502
517
514
504
446
496
514
519
523
515
465
507
501
475
489
457
484
483
493
473
478
483
488
455
492
493
481
473
492
509
487
489
506
493
492
446
500
510
474
486
500
495
472
483
452
475
452
506
497
486
511
492
472
462
439
476
491
508
477
487
473
504
492
520
530
459
474
502
495
493
519
467
515
475
496
488
507
517
511
451
495
470
480
496
465
524
482
470
473
484
483
483
450
475
495
503
466
470
496
488
509
459
466
501
496
520
501
481
497
507
522
495
507
523
494
485
486
479
485
517
488
490
480
479
460
517
474
467
468
508
490
490
485
483
467
443
480
458
424
524
444
516
490
501
477
468
481
515
474
491
471
501
469
474
500
473
471
494
507
459
459
495
505
452
481
443
453
474
447
515
464
491
474
485
501
480
495
481
468
475
479
538
509
471
483
481
485
516
511
499
444
508
475
485
484
464
489
504
506
474
477
495
534
503
507
515
465
497
514
500
517
491
521
527
471
520
482
503
482
467
514
503
553
517
484
506
522
520
505
432
514
497
490
481
494
518
495
454
447
475
497
470
470
492
480
477
460
474
448
444
426
459
495
451
440
459
450
425
416
420
410
408
375
385
372
379
409
350
347
382
349
326
357
292
321
353
319
301
286
340
303
255
288
249
275
292
280
273
278
237
223
234
224
236
223
228
235
226
194
234
238
229
221
210
175
181
219
173
196
188
192
171
182
205
179
190
188
185
174
187
174
178
214
184
168
199
168
159
179
182
165
147
152
169
179
181
144
146
184
152
170
154
158
174
157
175
178
129
176
187
168
178
182
164
136
177
179
164
176
189
180
170
204
204
208
185
196
229
231
246
239
295
269
312
299
339
339
370
375
430
459
493
458
556
592
624
701
691
732
805
802
877
968
1011
1046
1159
1228
1294
1382
1384
1390
1502
1535
1704
1791
1697
1829
1903
1885
1921
1997
1992
2020
2026
2045
1967
2016
1901
1997
2024
1938
1959
1849
1840
1853
1735
1591
1522
1455
1449
1392
1289
1187
1216
1151
1035
927
831
847
747
720
609
578
513
501
454
379
373
316
275
283
198
216
161
147
170
136
102
90
85
76
64
65
53
54
41
33
32
44
31
32
30
26
25
30
42
26
24
15
15
23
28
22
23
9
18
17
21
15
24
18
25
28
20
33
31
27
22
22
18
29
32
20
23
12
31
24
16
28
21
28
21
19
28
18
38
25
30
28
22
28
26
29
28
19
24
31
20
24
28
27
21
22
34
23
22
25
23
21
22
24
20
23
25
23
24
16
14
24
16
28
25
30
15
15
12
14
15
16
20
22
17
12
11
25
19
15
18
21
14
17
16
4
22
17
20
7
12
12
12
15
8
13
14
12
9
9
11
15
8
14
14
9
14
15
18
12
18
7
11
5
9
14
11
14
12
17
12
14
7
11
8
13
12
15
10
15
8
14
9
9
10
13
7
13
11
10
