0
0
0
0
0
976
1458
1614
1648
1683
1593
1800
1745
1802
1780
1834
1865
1819
1847
1858
1971
1969
2037
2070
2113
2175
2104
2184
2229
2144
2356
2383
2446
2404
2408
2594
2634
2698
2701
2872
3001
2964
2907
3036
3198
3418
3476
3489
3690
3775
3811
3828
3960
4095
3987
4057
4209
4308
4285
4339
4385
4396
4351
4495
4460
4565
4400
4668
4727
4612
4760
4783
4813
5001
4829
4962
4999
4859
5106
5016
5040
5018
5089
5046
4903
5003
5012
5027
4881
4906
4876
4843
4589
4901
4744
4757
4654
4642
4553
4618
4651
4542
4532
4731
4762
4632
4719
4823
4849
4858
4944
5092
5151
5369
5243
5325
5478
5455
5564
5344
5359
5238
5277
5121
5127
5031
5041
4843
4819
4783
4714
4562
4551
4541
4399
4478
4424
4311
4370
4314
4409
4126
4294
4368
4188
4194
4273
4323
4109
4268
4164
4293
4158
4157
4245
4089
4155
4066
4142
4107
4045
4047
4044
4042
3903
3925
3923
3918
3800
3737
3640
3698
3649
3647
3635
3498
3592
3429
3411
3328
3340
3410
3326
3334
3235
3195
3227
3231
3174
3105
3092
3116
3171
3154
3131
3069
3074
3091
3061
3054
3079
3003
2940
3077
2982
2866
2927
2861
2814
2970
2826
2810
2809
2746
2767
2724
2675
2516
2625
2508
2522
2420
2421
2349
2371
2360
2284
2310
2290
2222
2250
2225
2246
2295
2223
2314
2177
2230
2157
2275
2183
2145
2198
2239
2187
2226
2210
2161
2192
2237
2256
2259
2139
2184
2176
2203
2225
2175
2185
2211
2266
2242
2236
2237
2205
2245
2290
2297
2316
2312
2245
2340
2315
2232
2215
2306
2187
2252
2261
2255
2276
2328
2311
2280
2253
2340
2294
2292
2298
2318
2291
2230
2236
2391
2323
2352
2266
2248
2372
2370
2355
2354
2438
2428
2468
2630
2682
2733
2999
3189
3287
3607
3972
4214
4619
5075
5372
5845
6399
7026
7495
8319
9042
9740
10590
11203
11789
12830
13073
13723
14447
14497
15157
15287
15287
15390
15453
14891
14520
13840
13305
12728
11691
10954
10077
9067
8266
7408
6529
5822
5083
4371
3756
3251
2670
2322
2027
1683
1390
1224
1035
930
901
742
752
652
623
656
567
627
624
642
635
612
632
596
577
626
616
598
618
616
556
598
578
609
550
606
625
559
625
588
610
576
590
599
603
642
604
601
559
599
573
576
590
605
577
572
574
601
563
564
615
601
523
574
553
552
575
576
563
554
585
610
569
604
522
581
532
492
599
559
582
540
569
541
527
603
564
549
548
600
536
595
563
556
570
541
560
623
575
591
516
537
541
521
593
567
559
545
580
539
550
544
549
537
582
624
556
531
531
549
533
561
571
523
532
603
519
548
571
578
623
574
556
565
551
568
595
505
561
539
584
558
556
570
555
631
554
606
539
555
571
560
536
556
597
559
539
571
601
547
594
585
582
563
588
591
594
575
600
586
605
569
588
568
580
569
557
553
514
544
625
576
565
573
518
530
535
510
585
561
555
504
559
590
538
508
576
596
591
585
592
563
583
551
539
571
588
541
626
545
572
637
566
588
552
554
588
592
570
569
569
618
619
583
582
539
597
564
615
616
554
561
588
578
605
582
568
603
561
554
611
622
564
626
571
616
602
616
612
626
566
620
581
640
576
550
612
631
637
590
614
613
636
611
596
636
603
607
604
643
636
616
596
632
608
606
600
602
645
612
644
618
656
626
608
604
593
629
589
606
583
602
594
569
601
580
617
567
569
565
549
556
514
503
505
559
512
524
526
514
485
476
440
429
461
462
455
394
440
369
391
401
361
358
383
326
337
315
322
284
298
323
306
286
289
267
286
284
267
267
249
249
252
244
257
248
253
251
220
244
226
215
227
245
219
191
203
215
201
223
189
195
170
197
166
183
173
194
199
168
167
166
172
163
195
159
176
150
159
140
175
147
160
165
149
179
139
174
149
161
150
160
140
142
155
169
143
164
152
162
142
182
167
147
169
174
172
203
208
231
192
241
245
240
246
315
292
319
358
351
372
444
462
458
521
577
580
615
682
730
828
815
892
1022
1067
1143
1200
1297
1404
1506
1539
1640
1746
1870
2026
2036
2145
2176
2300
2396
2385
2599
2600
2609
2707
2776
2817
2863
2910
2885
2912
2929
2895
2823
2738
2818
2760
2638
2610
2590
2473
2433
2262
2103
2108
1996
1816
1812
1724
1608
1558
1410
1315
1187
1164
1039
917
874
829
742
633
607
560
495
459
393
347
317
274
243
184
214
170
194
130
136
98
82
80
71
63
61
57
54
40
49
45
38
32
44
30
37
31
37
30
32
35
26
27
32
36
16
35
35
34
26
18
42
32
29
32
25
38
31
34
29
36
38
27
27
37
50
42
28
29
29
23
24
20
28
32
38
30
32
24
40
29
32
35
33
32
39
26
31
28
29
43
33
31
29
41
34
33
26
23
31
25
31
27
21
27
24
31
33
31
25
24
19
20
24
24
30
27
25
20
21
15
21
21
21
22
21
23
22
16
22
28
17
20
19
28
22
17
21
20
16
29
12
20
17
20
17
17
18
21
21
15
10
13
20
19
13
17
11
18
23
21
19
17
17
11
24
14
17
17
15
17
23
5
19
9
18
16
12
13
13
12
20
15
14
10
16
