0
0
0
0
0
770
1061
1121
1176
1338
1219
1178
1224
1188
1188
1286
1311
1386
1397
1547
1504
1614
1753
1717
1775
1725
1766
1807
1926
2052
2131
2325
2442
2672
2702
2937
2948
3217
3420
3588
3804
4146
4455
4514
4748
5100
5222
5364
5619
5765
6195
6335
6489
6518
6747
6703
6633
6575
6503
6413
6540
6622
6595
6381
6472
6314
6472
6366
6077
6328
6119
6013
5981
6029
5855
6004
5911
6000
5910
5800
5821
5637
5569
5559
5524
5442
5420
5261
5361
5046
5256
5058
4852
4994
4789
4886
4830
4619
4570
4740
4469
4450
4372
4278
4294
4292
4252
4042
4162
3931
4102
3824
3989
3867
3943
3914
3908
3708
3969
3734
3803
3741
3677
3666
3644
3740
3660
3495
3591
3551
3531
3390
3408
3368
3203
3237
3268
3085
3051
3019
2985
3029
2989
2860
2856
2868
2840
2771
2822
2819
2812
2868
2798
2924
2911
2847
2871
2830
2759
2763
2781
2682
2537
2526
2521
2363
2291
2159
2142
2203
2095
2099
1944
2111
1984
1961
1983
1966
1915
1918
1952
1809
1944
1915
1848
1858
1830
1816
1816
1936
1764
1726
1679
1718
1712
1702
1674
1700
1643
1628
1631
1604
1681
1633
1588
1530
1541
1508
1538
1484
1430
1380
1434
1446
1470
1481
1395
1515
1483
1451
1462
1464
1456
1452
1447
1475
1461
1455
1411
1420
1451
1303
1466
1351
1310
1266
1236
1194
1120
1178
1160
1208
1127
1079
1043
1092
1081
1048
1070
1041
1005
1008
1003
1054
914
1054
982
985
1042
1015
987
1035
1067
1014
993
991
1013
996
980
945
1023
991
1043
1022
968
991
924
988
958
933
955
923
982
914
935
992
990
988
911
965
967
945
985
929
908
945
907
907
909
893
915
888
856
866
813
819
790
764
791
805
773
807
756
757
691
720
742
672
724
722
668
706
729
760
741
743
760
747
700
707
754
714
712
704
704
758
653
662
646
676
729
683
665
683
652
650
618
624
660
640
617
601
626
613
606
657
604
613
605
620
636
590
615
609
691
653
614
624
651
696
648
682
693
669
699
667
662
668
684
684
725
687
732
697
737
748
768
726
713
682
724
742
743
757
742
762
783
778
788
854
912
875
942
1044
1015
1086
1161
1291
1356
1385
1517
1641
1763
1845
2006
2127
2219
2363
2466
2686
2762
2900
3002
3016
3177
3137
3329
3290
3229
3203
3205
3087
3113
2890
2774
2644
2551
2332
2321
2022
1884
1766
1557
1439
1291
1113
1015
897
783
711
619
556
471
446
349
320
311
273
251
240
186
211
189
205
228
203
192
206
166
185
202
197
206
191
157
171
200
177
165
157
171
142
167
171
162
159
175
178
168
162
176
147
140
170
169
157
168
141
158
165
159
175
146
141
165
143
138
145
141
139
152
139
117
141
172
142
156
132
132
149
133
149
122
128
125
139
132
132
115
130
120
126
129
129
119
129
135
133
138
116
109
100
130
122
124
141
139
145
133
127
108
122
135
127
108
113
132
124
99
134
136
137
119
143
141
156
151
160
161
160
134
163
149
159
178
184
169
188
147
179
159
165
150
166
180
159
172
164
161
153
173
171
156
149
156
184
171
137
152
142
144
169
140
124
129
136
159
157
131
130
142
135
163
138
144
149
110
139
118
151
129
136
134
123
114
117
100
99
116
112
125
106
108
118
84
94
97
101
100
99
86
91
69
83
70
81
77
84
76
83
85
66
83
71
69
60
84
65
58
57
57
79
70
67
63
72
70
60
54
69
61
70
55
68
60
63
79
59
101
79
85
73
64
54
67
73
78
66
65
81
68
72
95
78
70
69
76
103
101
81
69
100
88
90
82
106
87
94
97
85
91
93
82
103
93
88
70
82
76
67
77
83
87
93
83
75
76
83
73
78
68
70
61
75
53
67
78
78
56
65
66
48
77
60
62
64
69
57
78
53
56
58
53
55
69
56
69
51
58
48
55
64
43
61
51
68
53
46
41
57
64
47
36
48
56
42
63
57
57
47
67
62
65
56
58
55
58
62
65
67
56
46
49
51
53
64
37
59
51
53
61
55
49
58
44
51
50
56
48
57
53
67
51
62
51
42
46
39
43
34
45
57
48
33
40
31
53
52
41
34
37
37
44
49
30
33
38
39
36
34
38
44
44
39
45
39
42
34
40
53
49
38
34
40
41
44
34
39
38
40
56
55
46
32
46
46
52
59
47
36
52
50
43
45
56
44
49
61
57
51
46
47
58
59
43
53
46
61
60
61
66
55
63
73
67
57
61
76
71
87
65
77
74
84
87
77
95
75
82
66
78
85
75
95
89
78
65
88
82
94
102
94
85
86
85
96
90
95
108
95
76
74
87
82
95
82
76
68
68
81
67
63
81
67
72
54
68
50
56
60
56
47
51
41
52
51
57
45
51
36
37
45
38
45
43
36
44
38
30
38
34
35
41
33
33
39
32
42
33
35
41
33
39
47
28
33
34
35
34
37
36
30
24
34
28
24
33
28
38
40
41
36
39
45
48
40
39
31
46
37
33
22
38
26
35
46
31
28
37
30
37
33
34
37
