0
0
0
0
0
832
1088
1164
1252
1348
1208
1156
1169
1169
1300
1300
1374
1452
1578
1670
1847
2161
2616
2892
2821
2403
2240
2148
2112
2147
2294
2375
2498
2650
2821
3053
3094
3440
3562
3745
4009
4172
4525
4623
4919
5062
5184
5567
5697
5994
6140
6348
6561
6673
6676
6707
6832
6579
6541
6512
6513
6602
6512
6561
6433
6346
6375
6366
6272
6266
6102
6118
6181
6098
5971
5920
5872
5798
5736
5754
5669
5651
5590
5597
5513
5333
5508
5361
5332
5242
5080
5064
4983
4935
4886
4849
4849
4722
4635
4594
4626
4453
4339
4290
4164
4210
4179
4069
4145
4121
4004
3856
3922
3856
3821
3704
3867
3672
3904
3785
3698
3737
3817
3723
3663
3753
3658
3523
3553
3532
3406
3368
3374
3278
3347
3173
3157
3127
3151
3080
2971
2978
2908
2990
2935
2889
2824
2778
2852
2765
2759
2820
2877
2877
2842
2772
2777
2716
2703
2722
2684
2492
2533
2503
2397
2327
2247
2200
2220
2084
2050
2050
2007
2072
2027
2007
1914
1894
1896
1968
1919
1970
1869
1895
1879
1835
1812
1861
1907
1784
1795
1791
1775
1700
1775
1806
1711
1739
1708
1690
1584
1657
1592
1613
1506
1563
1546
1494
1610
1520
1447
1474
1455
1466
1436
1456
1398
1525
1468
1468
1493
1421
1496
1500
1499
1466
1495
1416
1368
1498
1433
1371
1356
1395
1319
1359
1351
1264
1222
1244
1189
1155
1178
1133
1200
1100
1090
1153
1094
1084
1129
1064
1055
1084
1034
1046
1040
997
1097
993
1015
981
1024
1017
1047
1099
1073
1018
1011
1085
1028
1022
1060
1022
980
963
962
950
1002
979
1035
987
987
1024
968
938
934
923
933
886
936
912
954
870
921
892
883
882
856
935
856
833
802
822
807
738
785
706
778
758
773
765
667
663
705
713
720
682
682
690
633
720
691
691
739
678
668
713
704
704
723
679
677
655
621
609
643
627
631
597
612
629
581
607
566
553
546
609
572
610
576
566
581
620
498
591
547
603
562
556
576
615
578
584
560
564
609
630
596
649
631
632
627
591
663
629
660
674
645
665
636
691
677
635
672
672
684
635
694
710
662
681
687
723
686
751
754
726
787
802
838
893
896
1018
1060
1016
1225
1341
1371
1491
1560
1676
1853
1859
2125
2148
2215
2451
2644
2883
2903
3108
3129
3119
3294
3343
3393
3392
3460
3368
3270
3252
3242
2944
2980
2823
2564
2437
2290
2129
2055
1741
1631
1491
1350
1202
1077
923
815
699
637
574
503
429
404
360
287
278
275
253
217
222
192
172
185
179
183
188
160
168
189
165
155
180
169
168
171
178
161
153
187
140
165
163
149
139
158
156
160
173
138
162
182
178
143
161
167
189
149
152
143
156
169
145
154
153
159
145
143
152
136
149
143
147
136
158
139
135
137
131
132
158
140
139
141
149
139
117
118
143
131
120
116
124
120
114
118
112
128
121
120
126
134
140
132
133
117
144
124
130
122
132
119
101
116
122
116
123
120
136
135
126
146
133
136
141
150
138
153
150
145
156
157
151
169
145
178
177
164
166
172
179
146
162
146
158
140
173
168
182
159
162
158
155
142
145
153
149
132
153
140
145
160
119
151
160
148
120
136
132
115
130
138
128
138
121
131
142
125
148
127
114
138
111
129
120
115
98
121
107
94
115
102
103
97
94
79
78
95
84
80
80
79
105
86
86
72
69
69
82
69
69
62
79
63
57
65
76
69
73
61
75
71
57
76
75
54
73
61
49
76
69
66
64
63
61
69
65
62
64
81
66
61
60
71
84
53
89
71
74
74
79
83
81
77
72
76
86
70
79
85
84
93
75
101
82
98
82
78
82
96
79
90
92
76
86
83
82
73
84
81
80
90
67
84
79
77
75
61
78
69
68
59
69
67
73
63
68
74
64
64
66
65
57
66
66
65
62
49
66
48
51
53
36
46
63
56
60
67
50
59
46
52
59
54
63
65
65
53
63
49
55
59
52
55
53
63
67
60
50
58
59
57
52
69
45
47
58
55
78
47
63
58
51
51
59
56
57
58
49
63
58
47
50
48
44
45
58
55
55
60
57
47
42
51
55
45
65
49
40
54
45
51
32
52
36
43
50
40
42
48
35
37
36
45
39
39
38
39
52
30
51
32
36
35
42
39
30
30
39
44
39
33
52
45
37
58
32
33
26
32
35
37
42
43
51
43
50
50
42
37
50
54
52
42
55
62
50
48
37
56
57
50
65
50
61
51
57
63
56
56
70
67
56
63
56
63
61
68
75
67
73
75
81
85
81
69
85
86
86
70
74
96
72
84
87
77
104
75
85
92
97
92
92
90
99
94
99
105
95
78
98
82
68
72
62
75
75
70
73
77
47
68
53
61
63
76
56
48
65
53
56
40
40
59
35
33
36
48
36
47
44
28
41
27
45
32
33
25
35
29
29
46
37
40
24
40
28
32
37
27
28
28
35
37
24
38
41
36
37
35
34
35
30
31
29
38
28
43
36
24
35
42
38
28
38
27
38
30
37
36
29
37
31
40
28
33
31
34
36
40
38
32
27
