0
0
0
0
0
992
1412
1542
1673
1672
1763
1729
1804
1817
1866
1901
1834
2012
2054
2024
2089
2139
2103
2252
2222
2242
2278
2336
2321
2263
2446
2455
2464
2544
2571
2728
2713
2730
2840
2912
2972
3149
3209
3301
3335
3471
3517
3736
3773
3727
3946
3872
4119
4078
4188
4207
4157
4307
4317
4392
4412
4455
4444
4433
4535
4565
4639
4717
4619
4845
4829
4873
4929
5055
5121
5038
5146
5077
5128
5151
5139
4989
5152
5074
4946
5018
5038
4954
4979
4924
4872
4785
4902
4763
4882
4842
4922
4728
4817
4753
4760
4738
4658
4673
4740
4752
4770
4702
4862
4962
5100
5074
5349
5347
5382
5357
5482
5377
5489
5474
5336
5375
5326
5294
5162
5091
5047
4859
4827
4777
4693
4765
4612
4611
4508
4348
4377
4514
4370
4311
4311
4363
4367
4432
4184
4299
4231
4286
4385
4196
4346
4348
4439
4262
4187
4182
4200
4138
4254
4224
4059
4213
4129
3970
4062
4082
4021
3759
3983
3739
3737
3690
3787
3685
3657
3599
3615
3557
3457
3503
3478
3455
3337
3331
3496
3375
3377
3345
3272
3331
3374
3442
3265
3295
3268
3207
3245
3375
3215
3216
3401
3188
3294
3174
3244
3195
3087
3176
3089
3102
3071
3027
3038
2950
2974
2893
2979
2836
2807
2715
2699
2701
2660
2526
2539
2602
2534
2445
2358
2501
2491
2390
2338
2402
2366
2329
2236
2360
2313
2292
2192
2204
2180
2131
2264
2196
2167
2160
2135
2153
2130
2131
2135
2135
2125
2124
2170
2197
2148
2212
2222
2199
2126
2103
2210
2138
2086
2165
2065
2157
2163
2154
2154
2110
2191
2171
2015
2129
2239
2085
2177
2165
2214
2164
2177
2077
2160
2110
2233
2240
2081
2191
2289
2215
2244
2207
2334
2310
2294
2288
2311
2301
2335
2480
2528
2493
2735
2817
2857
3133
3391
3644
3916
4264
4601
5116
5441
6016
6605
7233
7746
8451
9244
9840
10733
11454
12046
12964
13516
13991
14642
14962
15258
15687
15677
15761
15287
14926
14568
14101
13485
12845
12006
10968
10205
9256
8224
7518
6604
5860
5101
4440
3796
3215
2730
2438
1954
1723
1386
1233
1093
1007
898
796
791
710
710
641
657
649
582
607
588
591
647
632
622
604
636
632
644
656
615
610
609
594
651
603
566
628
620
614
610
599
628
638
610
618
631
587
589
587
593
595
568
581
527
566
547
613
580
624
549
599
581
504
569
576
551
550
546
554
583
546
600
549
573
573
586
592
573
566
525
550
538
544
579
549
536
538
558
531
573
540
528
533
550
583
536
538
535
524
547
552
523
552
576
549
565
523
559
569
521
523
547
530
531
565
532
545
532
501
538
565
546
512
534
531
573
566
600
565
553
514
540
536
504
561
564
529
516
538
545
590
589
582
528
541
501
588
575
558
552
573
566
558
537
513
571
573
557
540
574
564
527
570
559
519
518
563
551
545
552
510
556
547
575
548
558
562
555
552
570
491
532
522
546
538
541
585
518
543
517
520
531
537
494
532
557
600
552
553
544
561
536
546
572
524
547
538
552
544
551
528
555
619
545
551
535
590
560
611
554
593
556
538
578
591
590
562
626
598
534
613
583
631
566
542
619
587
551
541
576
556
591
586
596
598
627
624
641
623
610
619
613
644
609
573
602
621
585
587
580
612
606
595
617
547
578
636
625
592
583
590
589
629
616
596
548
584
627
594
606
624
603
546
561
564
556
581
588
571
602
557
592
594
600
555
557
580
616
549
566
574
563
494
536
502
503
522
478
485
442
461
464
446
444
421
402
396
405
401
374
383
396
365
338
326
349
365
330
326
341
292
299
282
266
291
285
257
288
259
266
249
258
241
241
253
229
212
256
240
228
207
218
223
199
200
186
205
194
186
186
188
183
209
178
176
198
177
178
175
179
172
171
176
168
178
180
156
177
142
156
128
158
163
160
175
190
150
157
142
168
167
148
151
155
156
138
140
159
162
173
184
157
172
179
184
176
189
197
228
212
219
247
253
281
330
288
315
368
376
447
390
475
470
528
578
599
639
660
746
790
920
930
987
1060
1129
1223
1287
1397
1508
1533
1697
1776
1862
1979
2066
2176
2263
2329
2473
2510
2612
2640
2631
2721
2736
2873
2863
2942
2875
2887
2804
2832
2858
2839
2822
2748
2726
2641
2532
2470
2382
2357
2249
2195
2024
1969
1795
1769
1591
1522
1367
1287
1120
1124
1044
953
829
754
759
699
601
530
503
488
398
343
290
298
258
210
197
143
150
148
117
100
96
80
102
54
73
44
49
49
39
34
48
34
37
33
29
44
32
29
27
33
46
41
19
33
26
28
37
32
32
24
30
32
29
31
21
32
33
35
32
24
33
30
39
25
32
26
42
30
34
29
34
35
41
41
36
22
28
39
26
47
40
25
38
38
34
32
41
40
42
36
35
29
34
34
28
36
25
22
36
20
35
34
27
29
28
24
31
30
32
21
37
28
30
24
23
25
22
23
21
23
29
28
18
15
27
19
21
22
17
18
17
21
26
13
20
21
16
24
14
20
18
20
30
22
14
12
13
21
16
11
20
17
20
20
21
9
19
15
13
24
15
17
19
16
14
27
18
17
23
15
23
15
16
8
14
15
22
15
13
16
19
7
10
17
12
