0
0
0
0
0
755
980
1069
1143
1219
1118
1013
1068
1046
1137
1212
1226
1291
1282
1496
1583
1627
1840
1866
1808
1807
1738
1785
1908
1952
2089
2225
2325
2610
2611
2913
2925
3152
3459
3671
3833
4062
4391
4541
4802
5011
5168
5380
5498
5730
5970
6131
6301
6575
6452
6452
6614
6544
6434
6365
6409
6284
6231
6373
6195
6110
6200
6217
5908
6152
5977
5938
5847
5728
5781
5865
5600
5583
5522
5576
5467
5386
5309
5256
5256
5224
5205
5007
5096
4945
4930
4930
4717
4756
4796
4599
4597
4474
4465
4355
4374
4222
4117
4187
4101
3949
3904
3962
3874
3950
3887
3803
3613
3565
3623
3659
3716
3644
3614
3662
3460
3501
3575
3542
3424
3345
3386
3377
3214
3313
3282
3195
3070
3042
2978
2916
2929
3016
2839
2810
2753
2703
2660
2628
2652
2662
2608
2608
2628
2725
2637
2570
2569
2613
2634
2627
2610
2584
2489
2468
2402
2463
2389
2349
2283
2183
2190
1994
2071
1983
1832
1854
1869
1815
1852
1877
1785
1736
1740
1763
1748
1755
1675
1707
1561
1758
1684
1644
1708
1673
1589
1648
1612
1623
1477
1523
1492
1502
1474
1486
1384
1435
1400
1360
1344
1315
1360
1275
1301
1322
1309
1305
1302
1234
1284
1244
1328
1236
1266
1269
1222
1266
1335
1306
1264
1302
1246
1243
1248
1233
1266
1196
1253
1116
1092
1126
1090
1072
1033
1060
1060
1031
1000
960
1023
974
995
959
914
902
906
877
813
909
829
860
854
843
839
893
877
864
874
913
868
811
834
844
832
803
842
798
855
794
771
799
783
720
810
838
772
768
815
780
756
771
807
766
780
736
720
759
791
756
746
767
770
766
687
697
678
692
721
729
716
730
660
676
677
677
684
666
689
636
681
697
668
616
633
596
625
651
614
607
584
618
617
651
584
630
627
639
582
597
624
614
600
629
606
631
582
574
573
592
587
551
602
583
550
580
572
556
525
558
519
550
594
542
546
572
597
598
588
584
557
582
588
639
605
631
640
642
685
621
658
639
674
653
677
690
615
689
688
635
655
662
669
687
645
680
662
656
685
639
655
647
643
661
716
698
740
725
745
762
814
824
777
871
924
964
1071
1123
1147
1171
1208
1260
1353
1423
1503
1610
1668
1719
1694
1765
1930
1856
1883
1932
1874
1907
1847
1830
1774
1765
1677
1602
1531
1429
1325
1198
1078
1098
963
865
805
772
647
591
526
463
427
347
338
300
290
289
262
244
220
189
180
195
174
172
166
181
192
177
167
175
169
171
167
167
163
143
141
190
161
157
183
157
163
161
167
161
151
141
159
154
175
160
153
171
156
144
154
145
177
168
159
148
151
166
166
156
138
140
145
139
123
98
153
149
143
162
160
152
149
128
144
148
122
158
130
118
128
131
134
118
137
119
139
131
128
139
141
134
128
115
136
132
117
139
122
118
144
122
144
118
145
112
108
136
130
125
131
141
121
130
141
115
138
147
112
154
148
161
152
161
166
148
154
174
149
176
154
181
171
167
152
156
142
159
156
155
141
170
158
194
146
141
151
166
161
156
159
160
143
141
192
157
151
134
153
121
138
154
129
128
155
122
173
132
114
117
129
127
156
123
132
124
135
127
112
117
105
123
122
96
100
103
103
103
118
94
85
74
100
83
86
74
83
91
82
75
74
69
77
78
65
65
81
60
80
70
71
61
53
62
62
71
63
69
69
54
68
54
65
61
77
74
68
67
77
78
60
65
64
66
63
62
74
66
76
73
70
83
62
70
70
87
75
73
74
84
77
88
86
74
96
98
94
94
100
71
84
66
103
96
76
85
89
71
82
111
92
86
72
78
92
79
68
80
76
92
80
75
79
75
73
80
71
64
73
59
74
75
63
66
70
45
64
55
73
67
61
65
64
65
57
56
60
59
77
46
56
57
53
55
64
52
69
62
65
55
59
58
67
47
62
61
54
61
42
63
56
64
56
65
64
48
51
59
60
57
58
61
55
65
54
66
61
56
64
56
56
54
60
61
42
51
55
58
48
49
33
50
43
33
41
47
39
50
53
40
51
40
42
58
45
47
46
32
42
44
43
41
47
59
47
41
37
38
41
45
37
47
41
40
40
36
47
36
40
48
33
47
34
37
36
33
46
39
47
33
27
40
38
60
41
35
53
39
41
38
39
58
43
44
42
44
41
42
48
43
46
50
39
41
44
57
63
73
55
49
56
50
51
63
58
64
60
67
62
53
61
67
63
63
72
67
80
66
64
76
72
79
77
89
65
75
82
64
73
66
66
75
104
90
91
101
90
92
99
85
109
84
92
76
78
83
84
83
100
76
81
78
60
72
75
75
69
55
55
58
49
71
53
48
43
54
53
60
50
42
25
37
36
46
47
42
39
43
32
33
45
27
40
34
38
32
40
34
37
34
27
38
33
29
35
37
30
41
38
38
30
28
28
28
29
38
27
37
39
30
33
44
41
42
29
35
37
38
28
34
41
34
24
29
33
31
33
33
28
27
33
42
35
32
28
36
30
34
