0
0
0
0
0
823
1069
1239
1248
1278
1285
1273
1306
1367
1380
1383
1395
1492
1440
1522
1589
1576
1549
1616
1632
1657
1632
1734
1776
1799
1833
1807
1914
1966
1967
2038
2156
2243
2315
2393
2443
2506
2667
2696
2772
2880
2969
3073
3188
3212
3282
3382
3475
3518
3578
3583
3609
3810
3674
3712
3633
3754
3793
3743
3993
3986
3946
3982
4006
4062
4124
4014
4161
4220
4115
4263
4269
4274
4371
4202
4301
4242
4385
4302
4224
4117
4180
4137
4104
3963
4079
4076
4045
3910
3802
3894
4066
3970
3817
3802
3748
3865
3773
3875
3841
3834
3932
3939
3848
4005
4200
4244
4312
4376
4347
4328
4426
4354
4340
4318
4360
4094
4265
4071
4046
3834
3891
3745
3726
3609
3698
3604
3508
3597
3480
3541
3437
3493
3508
3374
3316
3390
3275
3388
3456
3318
3339
3247
3194
3259
3241
3350
3186
3166
3235
3123
3190
3132
3082
3101
3106
3170
3071
3089
3050
2893
2795
2791
2731
2755
2762
2771
2693
2577
2560
2582
2528
2623
2493
2448
2405
2507
2509
2393
2422
2346
2368
2339
2362
2328
2404
2317
2320
2273
2368
2315
2180
2310
2349
2220
2265
2323
2269
2275
2305
2258
2203
2180
2170
2198
2125
2176
2094
2097
2161
1996
2027
2011
2039
1949
1962
2043
2002
1902
1888
1879
1844
1907
1878
1825
1880
1848
1830
1862
1795
1780
1806
1833
1810
1757
1798
1817
1819
1787
1821
1882
1780
1764
1774
1806
1790
1890
1840
1847
1814
1877
1973
1790
1872
1869
1925
1948
1912
1859
1813
1931
1922
1975
2010
1954
1862
1938
1909
1829
2047
2092
1940
1923
1968
1925
2032
2080
1959
2053
2085
2076
1952
2053
1984
2070
2108
1945
2061
2107
2077
2038
2051
2103
2146
2102
2128
2138
2127
2090
2208
2305
2289
2435
2425
2627
2560
2783
3023
3084
3264
3493
3844
3947
4148
4595
4896
5259
5381
5974
6397
6577
7007
7191
7608
8024
8020
8314
8577
8540
8588
8579
8570
8246
8059
7668
7266
6826
6360
5939
5527
5061
4500
4093
3563
3218
2771
2397
2142
1792
1623
1277
1183
1073
909
797
726
702
600
612
610
569
510
551
515
501
513
518
538
515
491
487
455
503
450
519
489
482
477
472
480
487
479
476
511
501
526
478
479
521
504
446
486
458
469
477
447
522
477
476
486
457
509
474
430
457
504
471
492
509
439
470
448
425
455
436
482
446
472
445
411
402
430
532
503
436
477
453
445
395
475
442
472
451
449
421
454
432
441
434
432
491
441
478
417
415
432
448
446
439
481
473
408
457
462
443
449
475
431
443
452
456
465
426
454
445
456
417
470
469
431
424
454
456
427
452
446
460
430
468
432
449
427
443
464
422
453
483
433
450
429
502
481
455
479
455
438
456
471
415
441
513
470
461
453
450
434
450
485
456
459
469
487
475
470
448
436
484
427
479
463
439
415
456
472
437
454
471
427
491
451
450
468
440
463
426
405
429
455
459
462
464
430
451
470
431
458
448
454
432
431
441
433
466
454
469
466
482
477
427
474
491
483
455
463
466
469
481
483
452
502
459
422
485
514
428
453
449
476
440
487
439
453
492
418
502
496
443
414
476
483
455
483
474
448
459
453
436
492
494
477
456
465
511
468
477
505
483
425
490
490
498
474
477
473
474
496
484
501
474
465
519
458
484
430
440
479
473
456
492
432
460
440
488
447
464
488
464
406
421
458
443
477
439
434
425
430
447
439
426
396
377
386
394
394
384
360
393
363
383
353
336
329
344
295
330
315
340
284
309
304
303
253
309
287
273
246
277
265
256
287
240
254
256
229
253
223
228
222
243
204
229
220
231
245
173
208
202
186
201
199
213
204
225
193
199
212
208
169
169
186
165
197
192
167
183
168
181
188
173
163
165
187
161
161
176
171
192
155
161
161
153
161
156
178
142
185
165
159
170
176
149
190
177
178
176
165
168
163
174
171
174
183
197
188
167
192
213
200
227
210
227
228
218
258
237
270
302
289
326
353
334
405
384
415
503
485
547
577
577
655
704
757
798
859
914
1065
1044
1088
1214
1199
1236
1318
1379
1441
1511
1529
1628
1622
1733
1797
1766
1836
1828
1834
1843
1895
1871
1912
2001
1847
1854
1905
1837
1815
1762
1726
1705
1603
1581
1466
1448
1380
1372
1221
1207
1135
1082
944
912
838
773
753
645
591
610
509
425
470
388
379
328
302
275
227
215
170
168
153
114
115
94
90
82
71
78
57
46
44
46
41
28
32
35
27
22
21
16
29
31
23
22
27
21
20
30
18
32
20
23
13
23
17
16
25
22
19
21
18
22
32
10
21
17
21
19
13
27
15
17
26
30
23
16
22
28
27
27
25
28
24
22
22
24
31
19
24
21
18
24
24
16
27
20
20
39
33
19
31
26
26
23
29
11
16
28
24
17
15
31
23
19
12
23
15
25
17
12
25
15
15
16
20
17
13
10
15
22
14
12
11
16
10
14
6
13
22
11
15
11
13
15
19
10
8
18
10
8
10
7
13
16
17
10
13
11
10
10
8
14
9
7
15
15
8
9
9
12
13
14
16
13
7
10
14
10
12
11
10
7
6
12
10
6
6
13
11
11
10
10
